    1 G       0    2   43    1
    2 C       1    3   42    2
    3 C       2    4   41    3
    4 G       3    5   40    4
    5 C       4    6   39    5
    6 G       5    7    0    6
    7 A       6    8    0    7
    8 A       7    9    0    8
    9 C       8   10    0    9
   10 C       9   11    0   10
   11 C      10   12   36   11
   12 C      11   13   35   12
   13 G      12   14   34   13
   14 C      13   15    0   14
   15 C      14   16    0   15
   16 A      15   17    0   16
   17 G      16   18    0   17
   18 G      17   19    0   18
   19 C      18   20   28   19
   20 C      19   21   27   20
   21 C      20   22   26   21
   22 G      21   23    0   22
   23 G      22   24    0   23
   24 A      23   25    0   24
   25 A      24   26    0   25
   26 G      25   27   21   26
   27 G      26   28   20   27
   28 G      27   29   19   28
   29 A      28   30    0   29
   30 G      29   31    0   30
   31 C      30   32    0   31
   32 A      31   33    0   32
   33 A      32   34    0   33
   34 C      33   35   13   34
   35 G      34   36   12   35
   36 G      35   37   11   36
   37 U      36   38    0   37
   38 A      37   39    0   38
   39 G      38   40    5   39
   40 U      39   41    4   40
   41 G      40   42    3   41
   42 G      41   43    2   42
   43 U      42   44    1   43
   44 G      43   45    0   44
   45 G      44   46    0   45
   46 A      45   47    0   46
   47 U      46   48    0   47
