    1	A	0	2	0	1
    2	A	1	3	0	2
    3	U	2	4	148	3
    4	A	3	5	147	4
    5	A	4	6	146	5
    6	U	5	7	145	6
    7	C	6	8	144	7
    8	U	7	9	143	8
    9	U	8	10	142	9
   10	C	9	11	141	10
   11	A	10	12	0	11
   12	G	11	13	0	12
   13	G	12	14	0	13
   14	G	13	15	0	14
   15	C	14	16	0	15
   16	A	15	17	0	16
   17	G	16	18	29	17
   18	G	17	19	28	18
   19	G	18	20	27	19
   20	C	19	21	0	20
   21	G	20	22	0	21
   22	A	21	23	0	22
   23	A	22	24	0	23
   24	A	23	25	0	24
   25	U	24	26	0	25
   26	U	25	27	0	26
   27	C	26	28	19	27
   28	C	27	29	18	28
   29	C	28	30	17	29
   30	U	29	31	0	30
   31	A	30	32	0	31
   32	C	31	33	0	32
   33	C	32	34	0	33
   34	G	33	35	0	34
   35	G	34	36	62	35
   36	C	35	37	61	36
   37	G	36	38	60	37
   38	G	37	39	59	38
   39	U	38	40	0	39
   40	A	39	41	0	40
   41	A	40	42	0	41
   42	C	41	43	0	42
   43	U	42	44	0	43
   44	G	43	45	0	44
   45	C	44	46	0	45
   46	U	45	47	0	46
   47	U	46	48	0	47
   48	A	47	49	0	48
   49	U	48	50	0	49
   50	A	49	51	0	50
   51	G	50	52	0	51
   52	C	51	53	0	52
   53	A	52	54	0	53
   54	G	53	55	0	54
   55	A	54	56	0	55
   56	A	55	57	0	56
   57	G	56	58	0	57
   58	C	57	59	0	58
   59	C	58	60	38	59
   60	C	59	61	37	60
   61	G	60	62	36	61
   62	C	61	63	35	62
   63	G	62	64	0	63
   64	A	63	65	0	64
   65	G	64	66	0	65
   66	C	65	67	0	66
   67	G	66	68	0	67
   68	C	67	69	0	68
   69	U	68	70	0	69
   70	U	69	71	0	70
   71	U	70	72	0	71
   72	C	71	73	0	72
   73	U	72	74	0	73
   74	A	73	75	0	74
   75	A	74	76	0	75
   76	U	75	77	0	76
   77	A	76	78	0	77
   78	A	77	79	0	78
   79	A	78	80	0	79
   80	A	79	81	0	80
   81	A	80	82	0	81
   82	U	81	83	0	82
   83	A	82	84	0	83
   84	G	83	85	0	84
   85	A	84	86	0	85
   86	A	85	87	0	86
   87	A	86	88	0	87
   88	G	87	89	0	88
   89	G	88	90	0	89
   90	U	89	91	0	90
   91	C	90	92	0	91
   92	A	91	93	0	92
   93	A	92	94	0	93
   94	G	93	95	0	94
   95	C	94	96	0	95
   96	A	95	97	0	96
   97	G	96	98	0	97
   98	A	97	99	0	98
   99	U	98	100	115	99
  100	U	99	101	114	100
  101	U	100	102	113	101
  102	G	101	103	112	102
  103	G	102	104	111	103
  104	U	103	105	0	104
  105	G	104	106	0	105
  106	U	105	107	0	106
  107	A	106	108	0	107
  108	A	107	109	0	108
  109	U	108	110	0	109
  110	U	109	111	0	110
  111	C	110	112	103	111
  112	C	111	113	102	112
  113	A	112	114	101	113
  114	A	113	115	100	114
  115	A	114	116	99	115
  116	G	115	117	0	116
  117	C	116	118	0	117
  118	C	117	119	0	118
  119	G	118	120	0	119
  120	A	119	121	0	120
  121	C	120	122	133	121
  122	A	121	123	132	122
  123	G	122	124	131	123
  124	U	123	125	0	124
  125	U	124	126	0	125
  126	A	125	127	0	126
  127	A	126	128	0	127
  128	A	127	129	0	128
  129	G	128	130	0	129
  130	U	129	131	0	130
  131	C	130	132	123	131
  132	U	131	133	122	132
  133	G	132	134	121	133
  134	G	133	135	0	134
  135	A	134	136	0	135
  136	U	135	137	0	136
  137	G	136	138	0	137
  138	A	137	139	0	138
  139	A	138	140	0	139
  140	A	139	141	0	140
  141	G	140	142	10	141
  142	A	141	143	9	142
  143	A	142	144	8	143
  144	G	143	145	7	144
  145	A	144	146	6	145
  146	U	145	147	5	146
  147	U	146	148	4	147
  148	G	147	149	3	148
  149	A	148	150	0	149
  150	G	149	151	0	150
