   1	C	0	2	0	1
   2	C	1	3	0	2
   3	U	2	4	0	3
   4	G	3	5	0	4
   5	A	4	6	0	5
   6	U	5	7	0	6
   7	G	6	8	0	7
   8	A	7	9	0	8
   9	C	8	10	0	9
  10	C	9	11	0	10
  11	A	10	12	0	11
  12	U	11	13	0	12
  13	A	12	14	0	13
  14	G	13	15	66	14
  15	C	14	16	65	15
  16	G	15	17	63	16
  17	A	16	18	62	17
  18	G	17	19	61	18
  19	U	18	20	60	19
  20	C	19	21	59	20
  21	G	20	22	58	21
  22	G	21	23	0	22
  23	U	22	24	0	23
  24	C	23	25	0	24
  25	C	24	26	0	25
  26	C	25	27	54	26
  27	A	26	28	53	27
  28	C	27	29	52	28
  29	C	28	30	49	29
  30	C	29	31	48	30
  31	C	30	32	47	31
  32	U	31	33	46	32
  33	U	32	34	0	33
  34	C	33	35	0	34
  35	C	34	36	0	35
  36	C	35	37	0	36
  37	A	36	38	0	37
  38	U	37	39	0	38
  39	C	38	40	0	39
  40	C	39	41	0	40
  41	C	40	42	0	41
  42	G	41	43	0	42
  43	A	42	44	0	43
  44	A	43	45	0	44
  45	C	44	46	0	45
  46	A	45	47	32	46
  47	G	46	48	31	47
  48	G	47	49	30	48
  49	A	48	50	29	49
  50	C	49	51	0	50
  51	C	50	52	0	51
  52	G	51	53	28	52
  53	U	52	54	27	53
  54	G	53	55	26	54
  55	A	54	56	0	55
  56	A	55	57	0	56
  57	A	56	58	0	57
  58	C	57	59	21	58
  59	G	58	60	20	59
  60	A	59	61	19	60
  61	C	60	62	18	61
  62	U	61	63	17	62
  63	C	62	64	16	63
  64	U	63	65	0	64
  65	A	64	66	15	65
  66	C	65	67	14	66
  67	G	66	68	0	67
  68	C	67	69	0	68
  69	C	68	70	0	69
  70	G	69	71	0	70
  71	A	70	72	0	71
  72	U	71	73	97	72
  73	G	72	74	96	73
  74	A	73	75	95	74
  75	U	74	76	0	75
  76	A	75	77	0	76
  77	G	76	78	92	77
  78	U	77	79	91	78
  79	G	78	80	90	79
  80	C	79	81	89	80
  81	G	80	82	88	81
  82	G	81	83	87	82
  83	A	82	84	0	83
  84	U	83	85	0	84
  85	U	84	86	0	85
  86	C	85	87	0	86
  87	C	86	88	82	87
  88	C	87	89	81	88
  89	G	88	90	80	89
  90	U	89	91	79	90
  91	G	90	92	78	91
  92	U	91	93	77	92
  93	G	92	94	0	93
  94	A	93	95	0	94
  95	A	94	96	74	95
  96	A	95	97	73	96
  97	G	96	98	72	97
