   1	U	0	2	0	1
   2	U	1	3	0	2
   3	U	2	4	0	3
   4	U	3	5	0	4
   5	U	4	6	0	5
   6	G	5	7	0	6
   7	C	6	8	0	7
   8	C	7	9	0	8
   9	U	8	10	0	9
  10	G	9	11	0	10
  11	G	10	12	0	11
  12	U	11	13	0	12
  13	G	12	14	0	13
  14	G	13	15	0	14
  15	C	14	16	0	15
  16	C	15	17	0	16
  17	A	16	18	0	17
  18	U	17	19	0	18
  19	A	18	20	0	19
  20	G	19	21	72	20
  21	C	20	22	71	21
  22	G	21	23	69	22
  23	A	22	24	68	23
  24	G	23	25	67	24
  25	U	24	26	66	25
  26	A	25	27	65	26
  27	G	26	28	64	27
  28	G	27	29	0	28
  29	C	28	30	0	29
  30	C	29	31	0	30
  31	C	30	32	0	31
  32	C	31	33	60	32
  33	A	32	34	59	33
  34	C	33	35	58	34
  35	C	34	36	55	35
  36	C	35	37	54	36
  37	G	36	38	53	37
  38	A	37	39	52	38
  39	U	38	40	0	39
  40	C	39	41	0	40
  41	C	40	42	0	41
  42	C	41	43	0	42
  43	A	42	44	0	43
  44	U	43	45	0	44
  45	U	44	46	0	45
  46	C	45	47	0	46
  47	C	46	48	0	47
  48	G	47	49	0	48
  49	A	48	50	0	49
  50	A	49	51	0	50
  51	C	50	52	0	51
  52	U	51	53	38	52
  53	C	52	54	37	53
  54	G	53	55	36	54
  55	G	54	56	35	55
  56	A	55	57	0	56
  57	A	56	58	0	57
  58	G	57	59	34	58
  59	U	58	60	33	59
  60	G	59	61	32	60
  61	A	60	62	0	61
  62	A	61	63	0	62
  63	A	62	64	0	63
  64	C	63	65	27	64
  65	U	64	66	26	65
  66	G	65	67	25	66
  67	C	66	68	24	67
  68	U	67	69	23	68
  69	C	68	70	22	69
  70	A	69	71	0	70
  71	G	70	72	21	71
  72	C	71	73	20	72
  73	G	72	74	0	73
  74	C	73	75	0	74
  75	C	74	76	0	75
  76	G	75	77	0	76
  77	A	76	78	0	77
  78	U	77	79	0	78
  79	G	78	80	0	79
  80	A	79	81	0	80
  81	U	80	82	0	81
  82	A	81	83	0	82
  83	G	82	84	0	83
  84	U	83	85	0	84
