    1	A	0	2	0	1
    2	C	1	3	0	2
    3	C	2	4	0	3
    4	U	3	5	0	4
    5	G	4	6	0	5
    6	G	5	7	109	6
    7	C	6	8	108	7
    8	C	7	9	107	8
    9	G	8	10	106	9
   10	G	9	11	42	10
   11	G	10	12	41	11
   12	G	11	13	40	12
   13	G	12	14	39	13
   14	A	13	15	38	14
   15	A	14	16	37	15
   16	G	15	17	0	16
   17	U	16	18	36	17
   18	C	17	19	35	18
   19	G	18	20	34	19
   20	G	19	21	33	20
   21	U	20	22	32	21
   22	G	21	23	0	22
   23	A	22	24	0	23
   24	U	23	25	0	24
   25	C	24	26	0	25
   26	A	25	27	0	26
   27	A	26	28	0	27
   28	G	27	29	0	28
   29	A	28	30	0	29
   30	C	29	31	0	30
   31	G	30	32	0	31
   32	G	31	33	21	32
   33	C	32	34	20	33
   34	C	33	35	19	34
   35	G	34	36	18	35
   36	A	35	37	17	36
   37	G	36	38	15	37
   38	U	37	39	14	38
   39	C	38	40	13	39
   40	C	39	41	12	40
   41	C	40	42	11	41
   42	U	41	43	10	42
   43	A	42	44	82	43
   44	G	43	45	81	44
   45	U	44	46	80	45
   46	U	45	47	0	46
   47	G	46	48	0	47
   48	G	47	49	0	48
   49	G	48	50	0	49
   50	G	49	51	0	50
   51	A	50	52	0	51
   52	A	51	53	74	52
   53	C	52	54	73	53
   54	C	53	55	72	54
   55	U	54	56	0	55
   56	C	55	57	69	56
   57	U	56	58	68	57
   58	C	57	59	0	58
   59	C	58	60	0	59
   60	U	59	61	0	60
   61	G	60	62	0	61
   62	C	61	63	0	62
   63	A	62	64	0	63
   64	C	63	65	0	64
   65	U	64	66	0	65
   66	U	65	67	0	66
   67	G	66	68	0	67
   68	A	67	69	57	68
   69	G	68	70	56	69
   70	A	69	71	0	70
   71	G	70	72	0	71
   72	G	71	73	54	72
   73	G	72	74	53	73
   74	G	73	75	52	74
   75	C	74	76	0	75
   76	U	75	77	0	76
   77	C	76	78	0	77
   78	C	77	79	0	78
   79	U	78	80	0	79
   80	U	79	81	45	80
   81	C	80	82	44	81
   82	U	81	83	43	82
   83	A	82	84	0	83
   84	U	83	85	104	84
   85	G	84	86	103	85
   86	A	85	87	102	86
   87	U	86	88	0	87
   88	U	87	89	99	88
   89	G	88	90	98	89
   90	C	89	91	96	90
   91	C	90	92	95	91
   92	U	91	93	0	92
   93	U	92	94	0	93
   94	C	93	95	0	94
   95	G	94	96	91	95
   96	G	95	97	90	96
   97	G	96	98	0	97
   98	U	97	99	89	98
   99	A	98	100	88	99
  100	A	99	101	0	100
  101	C	100	102	0	101
  102	U	101	103	86	102
  103	C	102	104	85	103
  104	A	103	105	84	104
  105	A	104	106	0	105
  106	C	105	107	9	106
  107	G	106	108	8	107
  108	G	107	109	7	108
  109	C	108	110	6	109
  110	A	109	111	0	110
  111	U	110	112	0	111
  112	A	111	113	0	112
  113	A	112	114	0	113
  114	U	113	115	0	114
  115	U	114	116	0	115
  116	U	115	117	0	116
  117	G	116	118	0	117
  118	U	117	119	0	118
  119	G	118	120	0	119
  120	A	119	121	0	120
  121	U	120	122	0	121
  122	A	121	123	0	122
  123	G	122	124	0	123
  124	C	123	125	0	124
  125	G	124	126	149	125
  126	U	125	127	148	126
  127	G	126	128	147	127
  128	G	127	129	146	128
  129	G	128	130	145	129
  130	G	129	131	144	130
  131	U	130	132	143	131
  132	G	131	133	142	132
  133	C	132	134	141	133
  134	G	133	135	140	134
  135	C	134	136	0	135
  136	U	135	137	0	136
  137	U	136	138	0	137
  138	G	137	139	0	138
  139	U	138	140	0	139
  140	C	139	141	134	140
  141	G	140	142	133	141
  142	C	141	143	132	142
  143	G	142	144	131	143
  144	C	143	145	130	144
  145	C	144	146	129	145
  146	C	145	147	128	146
  147	U	146	148	127	147
  148	G	147	149	126	148
  149	C	148	150	125	149
  150	A	149	151	0	150
