    1	C	0	2	0	1
    2	C	1	3	56	2
    3	U	2	4	55	3
    4	C	3	5	54	4
    5	C	4	6	53	5
    6	A	5	7	0	6
    7	U	6	8	0	7
    8	U	7	9	0	8
    9	U	8	10	0	9
   10	C	9	11	0	10
   11	U	10	12	0	11
   12	U	11	13	0	12
   13	G	12	14	0	13
   14	G	13	15	0	14
   15	C	14	16	44	15
   16	G	15	17	43	16
   17	G	16	18	42	17
   18	A	17	19	41	18
   19	G	18	20	40	19
   20	G	19	21	39	20
   21	C	20	22	0	21
   22	C	21	23	37	22
   23	G	22	24	36	23
   24	G	23	25	35	24
   25	G	24	26	34	25
   26	U	25	27	0	26
   27	G	26	28	0	27
   28	C	27	29	0	28
   29	U	28	30	0	29
   30	U	29	31	0	30
   31	A	30	32	0	31
   32	G	31	33	0	32
   33	U	32	34	0	33
   34	C	33	35	25	34
   35	C	34	36	24	35
   36	U	35	37	23	36
   37	G	36	38	22	37
   38	G	37	39	0	38
   39	C	38	40	20	39
   40	C	39	41	19	40
   41	C	40	42	18	41
   42	C	41	43	17	42
   43	C	42	44	16	43
   44	G	43	45	15	44
   45	U	44	46	0	45
   46	U	45	47	0	46
   47	A	46	48	0	47
   48	U	47	49	0	48
   49	G	48	50	0	49
   50	U	49	51	0	50
   51	A	50	52	0	51
   52	C	51	53	0	52
   53	G	52	54	5	53
   54	G	53	55	4	54
   55	A	54	56	3	55
   56	G	55	57	2	56
   57	G	56	58	0	57
   58	C	57	59	0	58
   59	A	58	60	0	59
   60	G	59	61	0	60
   61	A	60	62	0	61
   62	A	61	63	0	62
   63	C	62	64	0	63
   64	A	63	65	0	64
   65	A	64	66	0	65
   66	G	65	67	0	66
   67	G	66	68	0	67
   68	G	67	69	0	68
   69	G	68	70	0	69
   70	A	69	71	0	70
   71	C	70	72	0	71
   72	C	71	73	0	72
   73	C	72	74	0	73
   74	U	73	75	0	74
   75	G	74	76	0	75
   76	G	75	77	0	76
   77	G	76	78	0	77
   78	U	77	79	0	78
   79	C	78	80	0	79
   80	C	79	81	0	80
   81	C	80	82	0	81
   82	C	81	83	0	82
   83	C	82	84	0	83
   84	C	83	85	142	84
   85	G	84	86	141	85
   86	G	85	87	140	86
   87	C	86	88	139	87
   88	G	87	89	138	88
   89	U	88	90	137	89
   90	C	89	91	0	90
   91	A	90	92	0	91
   92	U	91	93	0	92
   93	G	92	94	0	93
   94	U	93	95	0	94
   95	C	94	96	0	95
   96	U	95	97	0	96
   97	U	96	98	0	97
   98	C	97	99	0	98
   99	G	98	100	0	99
  100	G	99	101	0	100
  101	U	100	102	0	101
  102	G	101	103	0	102
  103	C	102	104	124	103
  104	C	103	105	123	104
  105	G	104	106	122	105
  106	G	105	107	121	106
  107	C	106	108	120	107
  108	G	107	109	119	108
  109	G	108	110	118	109
  110	U	109	111	0	110
  111	U	110	112	0	111
  112	C	111	113	0	112
  113	C	112	114	0	113
  114	C	113	115	0	114
  115	C	114	116	0	115
  116	A	115	117	0	116
  117	U	116	118	0	117
  118	C	117	119	109	118
  119	C	118	120	108	119
  120	G	119	121	107	120
  121	C	120	122	106	121
  122	C	121	123	105	122
  123	G	122	124	104	123
  124	G	123	125	103	124
  125	U	124	126	0	125
  126	U	125	127	0	126
  127	C	126	128	0	127
  128	U	127	129	0	128
  129	A	128	130	0	129
  130	U	129	131	0	130
  131	C	130	132	0	131
  132	C	131	133	0	132
  133	U	132	134	0	133
  134	C	133	135	0	134
  135	A	134	136	0	135
  136	A	135	137	0	136
  137	U	136	138	89	137
  138	C	137	139	88	138
  139	G	138	140	87	139
  140	C	139	141	86	140
  141	C	140	142	85	141
  142	G	141	143	84	142
  143	G	142	144	0	143
  144	G	143	145	0	144
  145	A	144	146	0	145
  146	C	145	147	0	146
  147	A	146	148	0	147
  148	C	147	149	0	148
  149	C	148	150	0	149
  150	G	149	151	0	150
