    1	G	0	2	0	1
    2	U	1	3	0	2
    3	G	2	4	0	3
    4	C	3	5	23	4
    5	C	4	6	22	5
    6	G	5	7	21	6
    7	U	6	8	20	7
    8	A	7	9	19	8
    9	A	8	10	0	9
   10	A	9	11	0	10
   11	C	10	12	0	11
   12	U	11	13	0	12
   13	A	12	14	0	13
   14	A	13	15	0	14
   15	U	14	16	0	15
   16	G	15	17	0	16
   17	A	16	18	0	17
   18	G	17	19	0	18
   19	U	18	20	8	19
   20	A	19	21	7	20
   21	A	20	22	6	21
   22	G	21	23	5	22
   23	G	22	24	4	23
   24	A	23	25	0	24
   25	A	24	26	0	25
   26	A	25	27	0	26
   27	A	26	28	0	27
   28	U	27	29	0	28
   29	A	28	30	0	29
   30	A	29	31	0	30
   31	A	30	32	0	31
   32	C	31	33	0	32
   33	G	32	34	54	33
   34	A	33	35	53	34
   35	A	34	36	52	35
   36	C	35	37	51	36
   37	C	36	38	50	37
   38	C	37	39	49	38
   39	U	38	40	48	39
   40	G	39	41	47	40
   41	G	40	42	0	41
   42	U	41	43	0	42
   43	G	42	44	0	43
   44	A	43	45	0	44
   45	C	44	46	0	45
   46	G	45	47	0	46
   47	C	46	48	40	47
   48	G	47	49	39	48
   49	G	48	50	38	49
   50	G	49	51	37	50
   51	G	50	52	36	51
   52	U	51	53	35	52
   53	U	52	54	34	53
   54	U	53	55	33	54
   55	A	54	56	71	55
   56	A	55	57	70	56
   57	A	56	58	69	57
   58	G	57	59	68	58
   59	G	58	60	67	59
   60	G	59	61	0	60
   61	U	60	62	0	61
   62	A	61	63	0	62
   63	U	62	64	0	63
   64	U	63	65	0	64
   65	U	64	66	0	65
   66	C	65	67	0	66
   67	C	66	68	59	67
   68	C	67	69	58	68
   69	U	68	70	57	69
   70	U	69	71	56	70
   71	G	70	72	55	71
   72	C	71	73	0	72
   73	G	72	74	0	73
   74	U	73	75	0	74
   75	G	74	76	0	75
   76	A	75	77	0	76
   77	U	76	78	0	77
   78	U	77	79	0	78
   79	U	78	80	0	79
   80	U	79	81	0	80
   81	U	80	82	0	81
   82	G	81	83	0	82
   83	A	82	84	0	83
   84	G	83	85	150	84
   85	G	84	86	149	85
   86	G	85	87	148	86
   87	G	86	88	147	87
   88	C	87	89	146	88
   89	A	88	90	0	89
   90	C	89	91	0	90
   91	A	90	92	145	91
   92	G	91	93	144	92
   93	G	92	94	143	93
   94	U	93	95	142	94
   95	C	94	96	141	95
   96	G	95	97	140	96
   97	C	96	98	139	97
   98	U	97	99	0	98
   99	A	98	100	0	99
  100	U	99	101	0	100
  101	U	100	102	134	101
  102	G	101	103	133	102
  103	G	102	104	0	103
  104	C	103	105	131	104
  105	U	104	106	130	105
  106	G	105	107	129	106
  107	U	106	108	128	107
  108	G	107	109	127	108
  109	G	108	110	125	109
  110	A	109	111	124	110
  111	A	110	112	123	111
  112	G	111	113	122	112
  113	C	112	114	121	113
  114	U	113	115	0	114
  115	U	114	116	0	115
  116	A	115	117	0	116
  117	C	116	118	0	117
  118	U	117	119	0	118
  119	U	118	120	0	119
  120	U	119	121	0	120
  121	G	120	122	113	121
  122	C	121	123	112	122
  123	U	122	124	111	123
  124	U	123	125	110	124
  125	U	124	126	109	125
  126	C	125	127	0	126
  127	C	126	128	108	127
  128	G	127	129	107	128
  129	C	128	130	106	129
  130	A	129	131	105	130
  131	G	130	132	104	131
  132	U	131	133	0	132
  133	U	132	134	102	133
  134	G	133	135	101	134
  135	A	134	136	0	135
  136	A	135	137	0	136
  137	G	136	138	0	137
  138	U	137	139	0	138
  139	G	138	140	97	139
  140	G	139	141	96	140
  141	G	140	142	95	141
  142	A	141	143	94	142
  143	U	142	144	93	143
  144	C	143	145	92	144
  145	U	144	146	91	145
  146	U	145	147	88	146
  147	C	146	148	87	147
  148	C	147	149	86	148
  149	C	148	150	85	149
  150	C	149	151	84	150
