   1	U	0	2	0	1
   2	U	1	3	0	2
   3	U	2	4	0	3
   4	A	3	5	0	4
   5	A	4	6	0	5
   6	A	5	7	0	6
   7	U	6	8	0	7
   8	G	7	9	0	8
   9	G	8	10	0	9
  10	G	9	11	0	10
  11	C	10	12	0	11
  12	A	11	13	0	12
  13	A	12	14	0	13
  14	G	13	15	27	14
  15	C	14	16	26	15
  16	G	15	17	25	16
  17	G	16	18	24	17
  18	C	17	19	0	18
  19	A	18	20	0	19
  20	C	19	21	39	20
  21	C	20	22	38	21
  22	G	21	23	37	22
  23	U	22	24	36	23
  24	C	23	25	17	24
  25	C	24	26	16	25
  26	G	25	27	15	26
  27	C	26	28	14	27
  28	C	27	29	0	28
  29	A	28	30	0	29
  30	A	29	31	0	30
  31	A	30	32	0	31
  32	A	31	33	0	32
  33	C	32	34	0	33
  34	A	33	35	0	34
  35	A	34	36	0	35
  36	A	35	37	23	36
  37	C	36	38	22	37
  38	G	37	39	21	38
  39	G	38	40	20	39
