    1	A	0	2	0	1
    2	A	1	3	0	2
    3	G	2	4	0	3
    4	U	3	5	0	4
    5	G	4	6	0	5
    6	G	5	7	0	6
    7	U	6	8	0	7
    8	U	7	9	0	8
    9	G	8	10	0	9
   10	G	9	11	0	10
   11	A	10	12	0	11
   12	C	11	13	0	12
   13	U	12	14	0	13
   14	C	13	15	0	14
   15	C	14	16	0	15
   16	U	15	17	0	16
   17	U	16	18	0	17
   18	C	17	19	0	18
   19	U	18	20	0	19
   20	A	19	21	0	20
   21	A	20	22	0	21
   22	A	21	23	0	22
   23	A	22	24	0	23
   24	U	23	25	0	24
   25	U	24	26	56	25
   26	A	25	27	0	26
   27	G	26	28	54	27
   28	A	27	29	53	28
   29	G	28	30	52	29
   30	C	29	31	0	30
   31	A	30	32	0	31
   32	C	31	33	50	32
   33	A	32	34	49	33
   34	A	33	35	48	34
   35	U	34	36	46	35
   36	U	35	37	45	36
   37	A	36	38	44	37
   38	G	37	39	43	38
   39	U	38	40	42	39
   40	A	39	41	41	40
   41	G	40	42	40	41
   42	A	41	43	39	42
   43	U	42	44	38	43
   44	U	43	45	37	44
   45	A	44	46	36	45
   46	A	45	47	35	46
   47	A	46	48	0	47
   48	U	47	49	34	48
   49	U	48	50	33	49
   50	G	49	51	32	50
   51	G	50	52	0	51
   52	C	51	53	29	52
   53	U	52	54	28	53
   54	U	53	55	27	54
   55	A	54	56	0	55
   56	A	55	57	25	56
   57	C	56	58	96	57
   58	C	57	59	95	58
   59	C	58	60	94	59
   60	U	59	61	93	60
   61	A	60	62	92	61
   62	C	61	63	91	62
   63	C	62	64	90	63
   64	G	63	65	89	64
   65	C	64	66	88	65
   66	A	65	67	87	66
   67	U	66	68	86	67
   68	G	67	69	85	68
   69	A	68	70	0	69
   70	A	69	71	116	70
   71	C	70	72	115	71
   72	C	71	73	114	72
   73	G	72	74	113	73
   74	A	73	75	112	74
   75	A	74	76	111	75
   76	C	75	77	0	76
   77	U	76	78	0	77
   78	U	77	79	0	78
   79	G	78	80	0	79
   80	A	79	81	0	80
   81	U	80	82	0	81
   82	A	81	83	0	82
   83	A	82	84	0	83
   84	A	83	85	0	84
   85	A	84	86	68	85
   86	G	85	87	67	86
   87	U	86	88	66	87
   88	G	87	89	65	88
   89	C	88	90	64	89
   90	G	89	91	63	90
   91	G	90	92	62	91
   92	U	91	93	61	92
   93	A	92	94	60	93
   94	G	93	95	59	94
   95	G	94	96	58	95
   96	G	95	97	57	96
   97	G	96	98	0	97
   98	U	97	99	0	98
   99	A	98	100	0	99
  100	A	99	101	0	100
  101	A	100	102	0	101
  102	U	101	103	0	102
  103	U	102	104	0	103
  104	C	103	105	0	104
  105	U	104	106	0	105
  106	C	105	107	120	106
  107	C	106	108	119	107
  108	G	107	109	118	108
  109	C	108	110	117	109
  110	A	109	111	0	110
  111	U	110	112	75	111
  112	U	111	113	74	112
  113	C	112	114	73	113
  114	G	113	115	72	114
  115	G	114	116	71	115
  116	U	115	117	70	116
  117	G	116	118	109	117
  118	C	117	119	108	118
  119	G	118	120	107	119
  120	G	119	121	106	120
