   1	G	0	2	0	1
   2	U	1	3	0	2
   3	G	2	4	39	3
   4	G	3	5	38	4
   5	C	4	6	37	5
   6	C	5	7	36	6
   7	G	6	8	35	7
   8	G	7	9	34	8
   9	C	8	10	33	9
  10	A	9	11	0	10
  11	U	10	12	0	11
  12	G	11	13	88	12
  13	G	12	14	87	13
  14	U	13	15	86	14
  15	C	14	16	85	15
  16	C	15	17	84	16
  17	C	16	18	83	17
  18	A	17	19	82	18
  19	G	18	20	32	19
  20	C	19	21	31	20
  21	C	20	22	30	21
  22	U	21	23	0	22
  23	C	22	24	41	23
  24	C	23	25	40	24
  25	U	24	26	0	25
  26	C	25	27	0	26
  27	G	26	28	0	27
  28	C	27	29	0	28
  29	U	28	30	0	29
  30	G	29	31	21	30
  31	G	30	32	20	31
  32	C	31	33	19	32
  33	G	32	34	9	33
  34	C	33	35	8	34
  35	C	34	36	7	35
  36	G	35	37	6	36
  37	G	36	38	5	37
  38	C	37	39	4	38
  39	U	38	40	3	39
  40	G	39	41	24	40
  41	G	40	42	23	41
  42	G	41	43	0	42
  43	C	42	44	0	43
  44	A	43	45	0	44
  45	A	44	46	0	45
  46	C	45	47	76	46
  47	A	46	48	75	47
  48	U	47	49	74	48
  49	U	48	50	73	49
  50	C	49	51	71	50
  51	C	50	52	70	51
  52	G	51	53	69	52
  53	A	52	54	68	53
  54	G	53	55	67	54
  55	G	54	56	66	55
  56	G	55	57	65	56
  57	G	56	58	0	57
  58	A	57	59	62	58
  59	C	58	60	0	59
  60	C	59	61	0	60
  61	G	60	62	0	61
  62	U	61	63	58	62
  63	C	62	64	0	63
  64	C	63	65	0	64
  65	U	64	66	56	65
  66	C	65	67	55	66
  67	C	66	68	54	67
  68	U	67	69	53	68
  69	C	68	70	52	69
  70	G	69	71	51	70
  71	G	70	72	50	71
  72	U	71	73	0	72
  73	A	72	74	49	73
  74	A	73	75	48	74
  75	U	74	76	47	75
  76	G	75	77	46	76
  77	G	76	78	0	77
  78	C	77	79	0	78
  79	G	78	80	0	79
  80	A	79	81	0	80
  81	A	80	82	0	81
  82	U	81	83	18	82
  83	G	82	84	17	83
  84	G	83	85	16	84
  85	G	84	86	15	85
  86	A	85	87	14	86
  87	C	86	88	13	87
  88	C	87	89	12	88
  89	C	88	90	0	89
  90	A	89	91	0	90
