   1	U	0	2	0	1
   2	C	1	3	0	2
   3	A	2	4	0	3
   4	U	3	5	0	4
   5	C	4	6	0	5
   6	U	5	7	0	6
   7	G	6	8	0	7
   8	G	7	9	0	8
   9	U	8	10	0	9
  10	G	9	11	0	10
  11	A	10	12	0	11
  12	U	11	13	0	12
  13	G	12	14	0	13
  14	A	13	15	0	14
  15	U	14	16	0	15
  16	G	15	17	0	16
  17	C	16	18	71	17
  18	U	17	19	70	18
  19	C	18	20	0	19
  20	U	19	21	68	20
  21	U	20	22	67	21
  22	U	21	23	66	22
  23	A	22	24	65	23
  24	G	23	25	64	24
  25	G	24	26	63	25
  26	G	25	27	0	26
  27	U	26	28	0	27
  28	A	27	29	0	28
  29	A	28	30	0	29
  30	C	29	31	59	30
  31	A	30	32	58	31
  32	C	31	33	57	32
  33	C	32	34	54	33
  34	C	33	35	53	34
  35	G	34	36	52	35
  36	U	35	37	51	36
  37	U	36	38	0	37
  38	U	37	39	0	38
  39	U	38	40	0	39
  40	C	39	41	0	40
  41	C	40	42	0	41
  42	A	41	43	0	42
  43	U	42	44	0	43
  44	U	43	45	0	44
  45	C	44	46	0	45
  46	C	45	47	0	46
  47	G	46	48	0	47
  48	A	47	49	0	48
  49	A	48	50	0	49
  50	C	49	51	0	50
  51	A	50	52	36	51
  52	C	51	53	35	52
  53	G	52	54	34	53
  54	A	53	55	33	54
  55	A	54	56	0	55
  56	G	55	57	0	56
  57	G	56	58	32	57
  58	U	57	59	31	58
  59	U	58	60	30	59
  60	A	59	61	0	60
  61	A	60	62	0	61
  62	G	61	63	0	62
  63	C	62	64	25	63
  64	C	63	65	24	64
  65	U	64	66	23	65
  66	A	65	67	22	66
  67	U	66	68	21	67
  68	U	67	69	20	68
  69	G	68	70	0	69
  70	A	69	71	18	70
  71	G	70	72	17	71
  72	G	71	73	0	72
  73	C	72	74	0	73
  74	C	73	75	0	74
  75	G	74	76	0	75
  76	A	75	77	0	76
  77	U	76	78	0	77
  78	G	77	79	0	78
  79	G	78	80	0	79
  80	U	79	81	0	80
  81	A	80	82	0	81
  82	C	81	83	0	82
  83	U	82	84	0	83
  84	G	83	85	0	84
  85	C	84	86	0	85
  86	A	85	87	0	86
  87	C	86	88	0	87
