   1	A	0	2	0	1
   2	A	1	3	0	2
   3	G	2	4	0	3
   4	C	3	5	0	4
   5	U	4	6	0	5
   6	C	5	7	0	6
   7	C	6	8	0	7
   8	U	7	9	0	8
   9	U	8	10	0	9
  10	A	9	11	0	10
  11	G	10	12	0	11
  12	C	11	13	0	12
  13	G	12	14	0	13
  14	C	13	15	48	14
  15	U	14	16	47	15
  16	G	15	17	46	16
  17	A	16	18	45	17
  18	U	17	19	44	18
  19	G	18	20	43	19
  20	G	19	21	42	20
  21	U	20	22	0	21
  22	A	21	23	0	22
  23	G	22	24	39	23
  24	C	23	25	38	24
  25	C	24	26	37	25
  26	G	25	27	36	26
  27	A	26	28	34	27
  28	C	27	29	33	28
  29	U	28	30	0	29
  30	U	29	31	0	30
  31	A	30	32	0	31
  32	C	31	33	0	32
  33	G	32	34	28	33
  34	U	33	35	27	34
  35	U	34	36	0	35
  36	C	35	37	26	36
  37	C	36	38	25	37
  38	G	37	39	24	38
  39	C	38	40	23	39
  40	A	39	41	0	40
  41	A	40	42	0	41
  42	G	41	43	20	42
  43	A	42	44	19	43
  44	G	43	45	18	44
  45	U	44	46	17	45
  46	A	45	47	16	46
  47	G	46	48	15	47
  48	G	47	49	14	48
  49	A	48	50	0	49
  50	C	49	51	0	50
  51	G	50	52	0	51
  52	U	51	53	0	52
  53	U	52	54	0	53
  54	G	53	55	0	54
  55	C	54	56	0	55
  56	C	55	57	0	56
  57	A	56	58	0	57
  58	G	57	59	0	58
  59	G	58	60	0	59
  60	C	59	61	0	60
