   1	C	0	2	0	1
   2	G	1	3	24	2
   3	A	2	4	23	3
   4	A	3	5	22	4
   5	U	4	6	21	5
   6	C	5	7	19	6
   7	U	6	8	18	7
   8	C	7	9	0	8
   9	A	8	10	0	9
  10	A	9	11	0	10
  11	G	10	12	36	11
  12	C	11	13	35	12
  13	A	12	14	34	13
  14	A	13	15	33	14
  15	U	14	16	32	15
  16	C	15	17	0	16
  17	A	16	18	0	17
  18	A	17	19	7	18
  19	G	18	20	6	19
  20	C	19	21	0	20
  21	A	20	22	5	21
  22	U	21	23	4	22
  23	U	22	24	3	23
  24	C	23	25	2	24
  25	U	24	26	0	25
  26	A	25	27	0	26
  27	C	26	28	0	27
  28	U	27	29	0	28
  29	U	28	30	0	29
  30	C	29	31	0	30
  31	U	30	32	0	31
  32	A	31	33	15	32
  33	U	32	34	14	33
  34	U	33	35	13	34
  35	G	34	36	12	35
  36	C	35	37	11	36
  37	A	36	38	0	37
