   1	U	0	2	0	1
   2	U	1	3	41	2
   3	U	2	4	40	3
   4	C	3	5	39	4
   5	A	4	6	38	5
   6	G	5	7	37	6
   7	G	6	8	0	7
   8	A	7	9	0	8
   9	C	8	10	0	9
  10	A	9	11	0	10
  11	U	10	12	0	11
  12	A	11	13	0	12
  13	C	12	14	0	13
  14	U	13	15	0	14
  15	G	14	16	0	15
  16	A	15	17	0	16
  17	A	16	18	0	17
  18	G	17	19	47	18
  19	A	18	20	46	19
  20	G	19	21	45	20
  21	G	20	22	44	21
  22	A	21	23	43	22
  23	U	22	24	42	23
  24	G	23	25	0	24
  25	U	24	26	0	25
  26	C	25	27	0	26
  27	A	26	28	0	27
  28	A	27	29	0	28
  29	G	28	30	0	29
  30	A	29	31	0	30
  31	A	30	32	0	31
  32	U	31	33	0	32
  33	G	32	34	0	33
  34	C	33	35	0	34
  35	A	34	36	0	35
  36	A	35	37	0	36
  37	U	36	38	6	37
  38	U	37	39	5	38
  39	G	38	40	4	39
  40	G	39	41	3	40
  41	G	40	42	2	41
  42	G	41	43	23	42
  43	U	42	44	22	43
  44	C	43	45	21	44
  45	C	44	46	20	45
  46	U	45	47	19	46
  47	C	46	48	18	47
  48	A	47	49	0	48
