   1	A	0	2	0	1
   2	G	1	3	19	2
   3	U	2	4	18	3
   4	G	3	5	17	4
   5	U	4	6	0	5
   6	U	5	7	0	6
   7	U	6	8	0	7
   8	U	7	9	0	8
   9	U	8	10	0	9
  10	U	9	11	0	10
  11	U	10	12	33	11
  12	C	11	13	32	12
  13	C	12	14	31	13
  14	C	13	15	30	14
  15	U	14	16	29	15
  16	C	15	17	27	16
  17	C	16	18	4	17
  18	A	17	19	3	18
  19	C	18	20	2	19
  20	U	19	21	0	20
  21	U	20	22	0	21
  22	A	21	23	0	22
  23	A	22	24	0	23
  24	A	23	25	0	24
  25	U	24	26	0	25
  26	C	25	27	0	26
  27	G	26	28	16	27
  28	A	27	29	0	28
  29	A	28	30	15	29
  30	G	29	31	14	30
  31	G	30	32	13	31
  32	G	31	33	12	32
  33	U	32	34	11	33
