    1	G	0	2	0	1
    2	A	1	3	0	2
    3	C	2	4	0	3
    4	U	3	5	0	4
    5	C	4	6	0	5
    6	U	5	7	0	6
    7	C	6	8	0	7
    8	G	7	9	0	8
    9	G	8	10	0	9
   10	C	9	11	0	10
   11	A	10	12	0	11
   12	A	11	13	0	12
   13	C	12	14	0	13
   14	G	13	15	0	14
   15	G	14	16	0	15
   16	A	15	17	0	16
   17	U	16	18	0	17
   18	A	17	19	0	18
   19	U	18	20	0	19
   20	C	19	21	0	20
   21	U	20	22	0	21
   22	C	21	23	0	22
   23	G	22	24	0	23
   24	G	23	25	0	24
   25	C	24	26	0	25
   26	U	25	27	0	26
   27	C	26	28	0	27
   28	U	27	29	0	28
   29	C	28	30	0	29
   30	G	29	31	0	30
   31	C	30	32	0	31
   32	A	31	33	0	32
   33	U	32	34	0	33
   34	C	33	35	0	34
   35	G	34	36	0	35
   36	A	35	37	0	36
   37	U	36	38	0	37
   38	G	37	39	0	38
   39	A	38	40	0	39
   40	A	39	41	102	40
   41	G	40	42	101	41
   42	A	41	43	100	42
   43	A	42	44	99	43
   44	C	43	45	57	44
   45	G	44	46	56	45
   46	U	45	47	55	46
   47	A	46	48	54	47
   48	G	47	49	0	48
   49	C	48	50	0	49
   50	G	49	51	0	50
   51	A	50	52	0	51
   52	A	51	53	0	52
   53	A	52	54	0	53
   54	U	53	55	47	54
   55	G	54	56	46	55
   56	C	55	57	45	56
   57	G	56	58	44	57
   58	A	57	59	0	58
   59	U	58	60	0	59
   60	A	59	61	0	60
   61	C	60	62	0	61
   62	U	61	63	0	62
   63	U	62	64	0	63
   64	G	63	65	0	64
   65	G	64	66	92	65
   66	U	65	67	91	66
   67	G	66	68	90	67
   68	U	67	69	0	68
   69	G	68	70	0	69
   70	A	69	71	0	70
   71	A	70	72	0	71
   72	U	71	73	79	72
   73	U	72	74	78	73
   74	G	73	75	0	74
   75	C	74	76	0	75
   76	A	75	77	0	76
   77	G	76	78	0	77
   78	A	77	79	73	78
   79	A	78	80	72	79
   80	U	79	81	0	80
   81	C	80	82	0	81
   82	C	81	83	0	82
   83	C	82	84	0	83
   84	G	83	85	0	84
   85	U	84	86	0	85
   86	G	85	87	0	86
   87	A	86	88	0	87
   88	A	87	89	0	88
   89	C	88	90	0	89
   90	C	89	91	67	90
   91	A	90	92	66	91
   92	U	91	93	65	92
   93	C	92	94	0	93
   94	G	93	95	0	94
   95	A	94	96	0	95
   96	G	95	97	0	96
   97	U	96	98	0	97
   98	C	97	99	0	98
   99	U	98	100	43	99
  100	U	99	101	42	100
  101	U	100	102	41	101
  102	G	101	103	40	102
  103	A	102	104	0	103
  104	A	103	105	0	104
  105	C	104	106	0	105
  106	G	105	107	114	106
  107	C	106	108	113	107
  108	A	107	109	112	108
  109	A	108	110	0	109
  110	G	109	111	0	110
  111	U	110	112	0	111
  112	U	111	113	108	112
  113	G	112	114	107	113
  114	C	113	115	106	114
  115	G	114	116	0	115
  116	C	115	117	132	116
  117	C	116	118	131	117
  118	C	117	119	130	118
  119	G	118	120	129	119
  120	A	119	121	128	120
  121	A	120	122	127	121
  122	G	121	123	0	122
  123	C	122	124	0	123
  124	C	123	125	0	124
  125	A	124	126	0	125
  126	C	125	127	0	126
  127	U	126	128	121	127
  128	A	127	129	120	128
  129	G	128	130	119	129
  130	G	129	131	118	130
  131	G	130	132	117	131
  132	C	131	133	116	132
  133	A	132	134	0	133
  134	C	133	135	0	134
  135	G	134	136	0	135
  136	U	135	137	0	136
  137	C	136	138	0	137
  138	U	137	139	0	138
  139	G	138	140	0	139
  140	C	139	141	0	140
  141	C	140	142	0	141
  142	U	141	143	0	142
  143	G	142	144	0	143
  144	G	143	145	0	144
  145	G	144	146	0	145
  146	C	145	147	0	146
  147	G	146	148	0	147
  148	U	147	149	0	148
  149	C	148	150	0	149
  150	A	149	151	0	150
