   1	G	0	2	0	1
   2	G	1	3	0	2
   3	G	2	4	0	3
   4	A	3	5	0	4
   5	A	4	6	0	5
   6	A	5	7	0	6
   7	U	6	8	0	7
   8	G	7	9	0	8
   9	G	8	10	0	9
  10	A	9	11	0	10
  11	C	10	12	0	11
  12	U	11	13	0	12
  13	G	12	14	0	13
  14	A	13	15	29	14
  15	G	14	16	28	15
  16	C	15	17	27	16
  17	G	16	18	26	17
  18	G	17	19	25	18
  19	C	18	20	0	19
  20	G	19	21	0	20
  21	C	20	22	39	21
  22	C	21	23	38	22
  23	G	22	24	37	23
  24	A	23	25	0	24
  25	C	24	26	18	25
  26	C	25	27	17	26
  27	G	26	28	16	27
  28	C	27	29	15	28
  29	C	28	30	14	29
  30	A	29	31	0	30
  31	A	30	32	0	31
  32	A	31	33	0	32
  33	C	32	34	0	33
  34	A	33	35	0	34
  35	A	34	36	0	35
  36	C	35	37	0	36
  37	C	36	38	23	37
  38	G	37	39	22	38
  39	G	38	40	21	39
  40	C	39	41	0	40