   1	C	0	2	0	1
   2	G	1	3	40	2
   3	G	2	4	39	3
   4	U	3	5	38	4
   5	U	4	6	37	5
   6	U	5	7	36	6
   7	U	6	8	35	7
   8	C	7	9	34	8
   9	C	8	10	33	9
  10	U	9	11	0	10
  11	A	10	12	0	11
  12	A	11	13	0	12
  13	A	12	14	0	13
  14	U	13	15	0	14
  15	C	14	16	26	15
  16	G	15	17	25	16
  17	U	16	18	24	17
  18	C	17	19	23	18
  19	G	18	20	0	19
  20	U	19	21	0	20
  21	G	20	22	0	21
  22	A	21	23	0	22
  23	G	22	24	18	23
  24	A	23	25	17	24
  25	C	24	26	16	25
  26	G	25	27	15	26
  27	G	26	28	61	27
  28	A	27	29	60	28
  29	C	28	30	59	29
  30	C	29	31	58	30
  31	U	30	32	57	31
  32	U	31	33	0	32
  33	G	32	34	9	33
  34	G	33	35	8	34
  35	A	34	36	7	35
  36	A	35	37	6	36
  37	A	36	38	5	37
  38	A	37	39	4	38
  39	C	38	40	3	39
  40	C	39	41	2	40
  41	U	40	42	0	41
  42	A	41	43	0	42
  43	G	42	44	0	43
  44	U	43	45	0	44
  45	A	44	46	0	45
  46	U	45	47	0	46
  47	U	46	48	0	47
  48	U	47	49	0	48
  49	A	48	50	0	49
  50	A	49	51	0	50
  51	A	50	52	0	51
  52	U	51	53	0	52
  53	A	52	54	0	53
  54	A	53	55	0	54
  55	C	54	56	0	55
  56	U	55	57	0	56
  57	A	56	58	31	57
  58	G	57	59	30	58
  59	G	58	60	29	59
  60	U	59	61	28	60
  61	C	60	62	27	61
