    1	A	0	2	0	1
    2	G	1	3	0	2
    3	U	2	4	0	3
    4	A	3	5	49	4
    5	G	4	6	48	5
    6	U	5	7	47	6
    7	A	6	8	46	7
    8	U	7	9	45	8
    9	U	8	10	44	9
   10	C	9	11	41	10
   11	C	10	12	40	11
   12	G	11	13	39	12
   13	C	12	14	38	13
   14	A	13	15	0	14
   15	G	14	16	0	15
   16	C	15	17	0	16
   17	G	16	18	0	17
   18	U	17	19	0	18
   19	A	18	20	0	19
   20	U	19	21	0	20
   21	C	20	22	92	21
   22	C	21	23	91	22
   23	A	22	24	90	23
   24	U	23	25	0	24
   25	A	24	26	0	25
   26	A	25	27	0	26
   27	C	26	28	83	27
   28	G	27	29	82	28
   29	G	28	30	81	29
   30	G	29	31	80	30
   31	C	30	32	0	31
   32	U	31	33	0	32
   33	U	32	34	0	33
   34	U	33	35	0	34
   35	G	34	36	107	35
   36	C	35	37	106	36
   37	U	36	38	105	37
   38	G	37	39	13	38
   39	C	38	40	12	39
   40	G	39	41	11	40
   41	G	40	42	10	41
   42	C	41	43	0	42
   43	U	42	44	0	43
   44	A	43	45	9	44
   45	A	44	46	8	45
   46	U	45	47	7	46
   47	U	46	48	6	47
   48	C	47	49	5	48
   49	U	48	50	4	49
   50	U	49	51	0	50
   51	U	50	52	0	51
   52	U	51	53	0	52
   53	A	52	54	0	53
   54	U	53	55	0	54
   55	A	54	56	0	55
   56	G	55	57	0	56
   57	A	56	58	0	57
   58	A	57	59	0	58
   59	A	58	60	0	59
   60	C	59	61	0	60
   61	A	60	62	0	61
   62	C	61	63	0	62
   63	U	62	64	0	63
   64	U	63	65	0	64
   65	A	64	66	0	65
   66	G	65	67	0	66
   67	G	66	68	0	67
   68	A	67	69	0	68
   69	G	68	70	0	69
   70	U	69	71	0	70
   71	G	70	72	0	71
   72	A	71	73	0	72
   73	A	72	74	0	73
   74	U	73	75	0	74
   75	A	74	76	0	75
   76	A	75	77	0	76
   77	U	76	78	0	77
   78	G	77	79	0	78
   79	G	78	80	0	79
   80	C	79	81	30	80
   81	C	80	82	29	81
   82	C	81	83	28	82
   83	G	82	84	27	83
   84	U	83	85	0	84
   85	A	84	86	0	85
   86	U	85	87	0	86
   87	A	86	88	0	87
   88	G	87	89	0	88
   89	C	88	90	0	89
   90	A	89	91	23	90
   91	G	90	92	22	91
   92	G	91	93	21	92
   93	C	92	94	0	93
   94	A	93	95	0	94
   95	U	94	96	0	95
   96	U	95	97	0	96
   97	A	96	98	0	97
   98	A	97	99	0	98
   99	C	98	100	0	99
  100	A	99	101	0	100
  101	U	100	102	0	101
  102	U	101	103	0	102
  103	C	102	104	0	103
  104	C	103	105	0	104
  105	U	104	106	37	105
  106	G	105	107	36	106
  107	A	106	108	35	107
  108	U	107	109	0	108
