    1	G	0	2	0	1
    2	U	1	3	77	2
    3	A	2	4	76	3
    4	A	3	5	73	4
    5	C	4	6	72	5
    6	A	5	7	0	6
    7	A	6	8	0	7
    8	A	7	9	0	8
    9	G	8	10	0	9
   10	G	9	11	0	10
   11	G	10	12	0	11
   12	G	11	13	0	12
   13	U	12	14	71	13
   14	A	13	15	70	14
   15	G	14	16	69	15
   16	C	15	17	68	16
   17	G	16	18	60	17
   18	A	17	19	59	18
   19	A	18	20	58	19
   20	U	19	21	53	20
   21	A	20	22	52	21
   22	G	21	23	0	22
   23	A	22	24	0	23
   24	U	23	25	0	24
   25	G	24	26	0	25
   26	G	25	27	0	26
   27	C	26	28	0	27
   28	A	27	29	119	28
   29	A	28	30	118	29
   30	A	29	31	117	30
   31	G	30	32	116	31
   32	G	31	33	115	32
   33	G	32	34	114	33
   34	G	33	35	113	34
   35	U	34	36	0	35
   36	A	35	37	0	36
   37	G	36	38	0	37
   38	G	37	39	0	38
   39	C	38	40	51	39
   40	U	39	41	48	40
   41	A	40	42	0	41
   42	U	41	43	0	42
   43	U	42	44	0	43
   44	A	43	45	0	44
   45	C	44	46	0	45
   46	A	45	47	0	46
   47	U	46	48	0	47
   48	A	47	49	40	48
   49	U	48	50	0	49
   50	A	49	51	0	50
   51	G	50	52	39	51
   52	U	51	53	21	52
   53	U	52	54	20	53
   54	U	53	55	0	54
   55	U	54	56	0	55
   56	G	55	57	0	56
   57	U	56	58	0	57
   58	U	57	59	19	58
   59	A	58	60	18	59
   60	A	59	61	17	60
   61	C	60	62	0	61
   62	A	61	63	0	62
   63	U	62	64	0	63
   64	C	63	65	0	64
   65	U	64	66	0	65
   66	A	65	67	0	66
   67	U	66	68	0	67
   68	U	67	69	16	68
   69	U	68	70	15	69
   70	G	69	71	14	70
   71	U	70	72	13	71
   72	U	71	73	5	72
   73	C	72	74	4	73
   74	G	73	75	0	74
   75	A	74	76	0	75
   76	G	75	77	3	76
   77	U	76	78	2	77
   78	U	77	79	0	78
   79	A	78	80	0	79
   80	C	79	81	0	80
   81	U	80	82	0	81
   82	A	81	83	0	82
   83	A	82	84	0	83
   84	U	83	85	0	84
   85	C	84	86	0	85
   86	A	85	87	0	86
   87	A	86	88	0	87
   88	A	87	89	0	88
   89	C	88	90	0	89
   90	A	89	91	0	90
   91	U	90	92	0	91
   92	C	91	93	0	92
   93	U	92	94	0	93
   94	U	93	95	0	94
   95	C	94	96	0	95
   96	A	95	97	0	96
   97	A	96	98	0	97
   98	U	97	99	0	98
   99	A	98	100	0	99
  100	U	99	101	0	100
  101	U	100	102	0	101
  102	U	101	103	0	102
  103	A	102	104	0	103
  104	U	103	105	0	104
  105	U	104	106	0	105
  106	A	105	107	0	106
  107	C	106	108	0	107
  108	U	107	109	0	108
  109	U	108	110	0	109
  110	A	109	111	0	110
  111	C	110	112	0	111
  112	U	111	113	0	112
  113	U	112	114	34	113
  114	U	113	115	33	114
  115	C	114	116	32	115
  116	C	115	117	31	116
  117	U	116	118	30	117
  118	U	117	119	29	118
  119	U	118	120	28	119
  120	C	119	121	0	120
  121	U	120	122	0	121
  122	A	121	123	0	122
  123	U	122	124	0	123
  124	U	123	125	0	124
  125	U	124	126	0	125
  126	A	125	127	0	126
  127	A	126	128	149	127
  128	C	127	129	148	128
  129	C	128	130	147	129
  130	G	129	131	146	130
  131	G	130	132	145	131
  132	C	131	133	144	132
  133	U	132	134	143	133
  134	A	133	135	142	134
  135	G	134	136	141	135
  136	C	135	137	0	136
  137	G	136	138	0	137
  138	A	137	139	0	138
  139	C	138	140	0	139
  140	G	139	141	0	140
  141	C	140	142	135	141
  142	U	141	143	134	142
  143	A	142	144	133	143
  144	G	143	145	132	144
  145	U	144	146	131	145
  146	C	145	147	130	146
  147	G	146	148	129	147
  148	G	147	149	128	148
  149	U	148	150	127	149
  150	U	149	151	0	150
  151	U	150	152	0	151
  152	U	151	153	0	152
  153	A	152	154	0	153
  154	U	153	155	0	154
  155	U	154	156	0	155
