    1	C	0	2	0	1
    2	U	1	3	71	2
    3	G	2	4	70	3
    4	A	3	5	69	4
    5	C	4	6	68	5
    6	U	5	7	67	6
    7	A	6	8	66	7
    8	U	7	9	65	8
    9	G	8	10	64	9
   10	U	9	11	0	10
   11	G	10	12	0	11
   12	A	11	13	0	12
   13	U	12	14	0	13
   14	C	13	15	0	14
   15	U	14	16	0	15
   16	U	15	17	59	16
   17	A	16	18	58	17
   18	U	17	19	57	18
   19	U	18	20	56	19
   20	A	19	21	55	20
   21	A	20	22	54	21
   22	A	21	23	53	22
   23	A	22	24	52	23
   24	U	23	25	51	24
   25	U	24	26	0	25
   26	A	25	27	0	26
   27	G	26	28	0	27
   28	G	27	29	0	28
   29	U	28	30	0	29
   30	U	29	31	0	30
   31	A	30	32	0	31
   32	A	31	33	0	32
   33	A	32	34	0	33
   34	U	33	35	0	34
   35	U	34	36	0	35
   36	U	35	37	0	36
   37	C	36	38	0	37
   38	G	37	39	144	38
   39	A	38	40	143	39
   40	G	39	41	142	40
   41	G	40	42	141	41
   42	U	41	43	139	42
   43	U	42	44	0	43
   44	A	43	45	0	44
   45	A	44	46	0	45
   46	A	45	47	0	46
   47	A	46	48	0	47
   48	A	47	49	0	48
   49	U	48	50	0	49
   50	A	49	51	0	50
   51	G	50	52	24	51
   52	U	51	53	23	52
   53	U	52	54	22	53
   54	U	53	55	21	54
   55	U	54	56	20	55
   56	A	55	57	19	56
   57	A	56	58	18	57
   58	U	57	59	17	58
   59	A	58	60	16	59
   60	U	59	61	0	60
   61	U	60	62	0	61
   62	G	61	63	0	62
   63	C	62	64	0	63
   64	U	63	65	9	64
   65	A	64	66	8	65
   66	U	65	67	7	66
   67	A	66	68	6	67
   68	G	67	69	5	68
   69	U	68	70	4	69
   70	C	69	71	3	70
   71	U	70	72	2	71
   72	U	71	73	0	72
   73	A	72	74	0	73
   74	G	73	75	0	74
   75	A	74	76	0	75
   76	G	75	77	112	76
   77	G	76	78	111	77
   78	U	77	79	110	78
   79	C	78	80	109	79
   80	U	79	81	0	80
   81	U	80	82	0	81
   82	G	81	83	93	82
   83	U	82	84	92	83
   84	A	83	85	91	84
   85	U	84	86	90	85
   86	A	85	87	0	86
   87	U	86	88	0	87
   88	U	87	89	0	88
   89	U	88	90	0	89
   90	A	89	91	85	90
   91	U	90	92	84	91
   92	A	91	93	83	92
   93	C	92	94	82	93
   94	U	93	95	0	94
   95	U	94	96	0	95
   96	A	95	97	0	96
   97	C	96	98	0	97
   98	C	97	99	0	98
   99	A	98	100	137	99
  100	C	99	101	136	100
  101	A	100	102	135	101
  102	C	101	103	134	102
  103	A	102	104	0	103
  104	A	103	105	132	104
  105	G	104	106	131	105
  106	A	105	107	130	106
  107	U	106	108	129	107
  108	G	107	109	128	108
  109	G	108	110	79	109
  110	A	109	111	78	110
  111	C	110	112	77	111
  112	C	111	113	76	112
  113	G	112	114	125	113
  114	G	113	115	124	114
  115	A	114	116	123	115
  116	G	115	117	122	116
  117	C	116	118	0	117
  118	A	117	119	0	118
  119	G	118	120	0	119
  120	C	119	121	0	120
  121	C	120	122	0	121
  122	C	121	123	116	122
  123	U	122	124	115	123
  124	C	123	125	114	124
  125	C	124	126	113	125
  126	A	125	127	0	126
  127	A	126	128	0	127
  128	U	127	129	108	128
  129	A	128	130	107	129
  130	U	129	131	106	130
  131	C	130	132	105	131
  132	U	131	133	104	132
  133	A	132	134	0	133
  134	G	133	135	102	134
  135	U	134	136	101	135
  136	G	135	137	100	136
  137	U	136	138	99	137
  138	A	137	139	0	138
  139	C	138	140	42	139
  140	C	139	141	0	140
  141	C	140	142	41	141
  142	U	141	143	40	142
  143	C	142	144	39	143
  144	G	143	145	38	144
  145	U	144	146	0	145
  146	G	145	147	0	146
  147	C	146	148	0	147
  148	U	147	149	176	148
  149	C	148	150	175	149
  150	G	149	151	174	150
  151	C	150	152	173	151
  152	U	151	153	172	152
  153	C	152	154	0	153
  154	A	153	155	0	154
  155	A	154	156	0	155
  156	A	155	157	169	156
  157	C	156	158	168	157
  158	A	157	159	167	158
  159	U	158	160	166	159
  160	U	159	161	0	160
  161	A	160	162	190	161
  162	A	161	163	189	162
  163	G	162	164	188	163
  164	U	163	165	187	164
  165	G	164	166	186	165
  166	G	165	167	159	166
  167	U	166	168	158	167
  168	G	167	169	157	168
  169	U	168	170	156	169
  170	U	169	171	0	170
  171	G	170	172	0	171
  172	U	171	173	152	172
  173	G	172	174	151	173
  174	C	173	175	150	174
  175	G	174	176	149	175
  176	A	175	177	148	176
  177	A	176	178	0	177
  178	A	177	179	0	178
  179	A	178	180	0	179
  180	G	179	181	0	180
  181	A	180	182	0	181
  182	A	181	183	0	182
  183	U	182	184	0	183
  184	C	183	185	0	184
  185	U	184	186	0	185
  186	C	185	187	165	186
  187	A	186	188	164	187
  188	C	187	189	163	188
  189	U	188	190	162	189
  190	U	189	191	161	190
  191	C	190	192	0	191
  192	A	191	193	0	192
  193	A	192	194	0	193
  194	G	193	195	0	194
  195	A	194	196	0	195
  196	A	195	197	0	196
  197	A	196	198	0	197
  198	A	197	199	0	198
  199	A	198	200	0	199
  200	G	199	201	0	200
  201	A	200	202	0	201
  202	A	201	203	0	202
