    1 a       0    2  233    1
    2 g       1    3  232    2
    3 g       2    4  231    3
    4 g       3    5  230    4
    5 g       4    6  229    5
    6 g       5    7  228    6
    7 c       6    8  227    7
    8 u       7    9  226    8
    9 g       8   10  203    9
   10 g       9   11  202   10
   11 u      10   12  201   11
   12 g      11   13  200   12
   13 A      12   14  199   13
   14 C      13   15  198   14
   15 U      14   16    0   15
   16 A      15   17    0   16
   17 U      16   18    0   17
   18 C      17   19   25   18
   19 C      18   20   24   19
   20 A      19   21    0   20
   21 C      20   22    0   21
   22 U      21   23    0   22
   23 G      22   24    0   23
   24 G      23   25   19   24
   25 G      24   26   18   25
   26 A      25   27    0   26
   27 G      26   28    0   27
   28 G      27   29    0   28
   29 A      28   30    0   29
   30 A      29   31  223   30
   31 G      30   32  222   31
   32 C      31   33  221   32
   33 U      32   34    0   33
   34 C      33   35  220   34
   35 U      34   36  219   35
   36 G      35   37  218   36
   37 C      36   38  217   37
   38 C      37   39  216   38
   39 C      38   40  174   39
   40 A      39   41  173   40
   41 C      40   42  172   41
   42 C      41   43  171   42
   43 C      42   44  170   43
   44 A      43   45    0   44
   45 A      44   46    0   45
   46 U      45   47    0   46
   47 U      46   48    0   47
   48 G      47   49  169   48
   49 U      48   50  168   49
   50 G      49   51  167   50
   51 U      50   52  166   51
   52 A      51   53  165   52
   53 G      52   54    0   53
   54 A      53   55   70   54
   55 U      54   56    0   55
   56 U      55   57   69   56
   57 U      56   58   68   57
   58 C      57   59   67   58
   59 C      58   60   66   59
   60 U      59   61   65   60
   61 G      60   62    0   61
   62 A      61   63    0   62
   63 G      62   64    0   63
   64 A      63   65    0   64
   65 A      64   66   60   65
   66 G      65   67   59   66
   67 G      66   68   58   67
   68 A      67   69   57   68
   69 A      68   70   56   69
   70 U      69   71   54   70
   71 G      70   72  164   71
   72 A      71   73  163   72
   73 A      72   74  162   73
   74 U      73   75  161   74
   75 A      74   76  160   75
   76 G      75   77  159   76
   77 G      76   78  158   77
   78 G      77   79  157   78
   79 U      78   80  156   79
   80 A      79   81    0   80
   81 U      80   82    0   81
   82 A      81   83    0   82
   83 G      82   84    0   83
   84 A      83   85    0   84
   85 A      84   86    0   85
   86 A      85   87    0   86
   87 C      86   88    0   87
   88 G      87   89    0   88
   89 A      88   90    0   89
   90 C      89   91    0   90
   91 A      90   92    0   91
   92 C      91   93  147   92
   93 G      92   94  146   93
   94 G      93   95  145   94
   95 U      94   96  142   95
   96 U      95   97  141   96
   97 C      96   98  140   97
   98 U      97   99  139   98
   99 A      98  100  138   99
  100 A      99  101  137  100
  101 G     100  102  136  101
  102 A     101  103  135  102
  103 A     102  104  134  103
  104 A     103  105    0  104
  105 U     104  106    0  105
  106 A     105  107    0  106
  107 U     106  108    0  107
  108 G     107  109    0  108
  109 A     108  110    0  109
  110 C     109  111    0  110
  111 U     110  112    0  111
  112 A     111  113    0  112
  113 U     112  114    0  113
  114 G     113  115    0  114
  115 A     114  116    0  115
  116 U     115  117    0  116
  117 A     116  118  127  117
  118 U     117  119  126  118
  119 U     118  120  125  119
  120 U     119  121    0  120
  121 U     120  122    0  121
  122 C     121  123    0  122
  123 A     122  124    0  123
  124 A     123  125    0  124
  125 A     124  126  119  125
  126 A     125  127  118  126
  127 U     126  128  117  127
  128 U     127  129    0  128
  129 G     128  130    0  129
  130 A     129  131    0  130
  131 G     130  132    0  131
  132 G     131  133    0  132
  133 A     132  134    0  133
  134 U     133  135  103  134
  135 U     134  136  102  135
  136 C     135  137  101  136
  137 U     136  138  100  137
  138 U     137  139   99  138
  139 A     138  140   98  139
  140 G     139  141   97  140
  141 A     140  142   96  141
  142 A     141  143   95  142
  143 A     142  144    0  143
  144 A     143  145    0  144
  145 U     144  146   94  145
  146 C     145  147   93  146
  147 G     146  148   92  147
  148 A     147  149    0  148
  149 U     148  150    0  149
  150 G     149  151    0  150
  151 A     150  152    0  151
  152 A     151  153    0  152
  153 A     152  154    0  153
  154 C     153  155    0  154
  155 G     154  156    0  155
  156 A     155  157   79  156
  157 C     156  158   78  157
  158 C     157  159   77  158
  159 U     158  160   76  159
  160 U     159  161   75  160
  161 A     160  162   74  161
  162 U     161  163   73  162
  163 U     162  164   72  163
  164 U     163  165   71  164
  165 U     164  166   52  165
  166 A     165  167   51  166
  167 C     166  168   50  167
  168 A     167  169   49  168
  169 C     168  170   48  169
  170 G     169  171   43  170
  171 G     170  172   42  171
  172 G     171  173   41  172
  173 U     172  174   40  173
  174 G     173  175   39  174
  175 C     174  176    0  175
  176 A     175  177    0  176
  177 A     176  178    0  177
  178 G     177  179  185  178
  179 C     178  180  184  179
  180 A     179  181    0  180
  181 U     180  182    0  181
  182 A     181  183    0  182
  183 U     182  184    0  183
  184 G     183  185  179  184
  185 U     184  186  178  185
  186 G     185  187    0  186
  187 C     186  188    0  187
  188 U     187  189    0  188
  189 A     188  190    0  189
  190 A     189  191    0  190
  191 G     190  192    0  191
  192 C     191  193    0  192
  193 U     192  194    0  193
  194 G     193  195    0  194
  195 A     194  196    0  195
  196 A     195  197    0  196
  197 U     196  198    0  197
  198 G     197  199   14  198
  199 U     198  200   13  199
  200 C     199  201   12  200
  201 A     200  202   11  201
  202 C     201  203   10  202
  203 C     202  204    9  203
  204 G     203  205    0  204
  205 A     204  206    0  205
  206 A     205  207    0  206
  207 A     206  208    0  207
  208 U     207  209    0  208
  209 U     208  210    0  209
  210 A     209  211    0  210
  211 C     210  212    0  211
  212 A     211  213    0  212
  213 G     212  214    0  213
  214 A     213  215    0  214
  215 A     214  216    0  215
  216 G     215  217   38  216
  217 G     216  218   37  217
  218 C     217  219   36  218
  219 A     218  220   35  219
  220 G     219  221   34  220
  221 g     220  222   32  221
  222 c     221  223   31  222
  223 u     222  224   30  223
  224 a     223  225    0  224
  225 u     224  226    0  225
  226 a     225  227    8  226
  227 g     226  228    7  227
  228 c     227  229    6  228
  229 c     228  230    5  229
  230 c     229  231    4  230
  231 c     230  232    3  231
  232 c     231  233    2  232
  233 a     232    0    1  233
