    1	C	0	2	0	1
    2	U	1	3	20	2
    3	U	2	4	19	3
    4	U	3	5	18	4
    5	A	4	6	17	5
    6	G	5	7	0	6
    7	A	6	8	0	7
    8	C	7	9	0	8
    9	G	8	10	0	9
   10	A	9	11	0	10
   11	C	10	12	0	11
   12	G	11	13	0	12
   13	G	12	14	0	13
   14	U	13	15	0	14
   15	U	14	16	0	15
   16	U	15	17	0	16
   17	G	16	18	5	17
   18	A	17	19	4	18
   19	A	18	20	3	19
   20	G	19	21	2	20
   21	C	20	22	0	21
   22	G	21	23	0	22
   23	G	22	24	190	23
   24	G	23	25	189	24
   25	G	24	26	188	25
   26	A	25	27	187	26
   27	G	26	28	134	27
   28	U	27	29	0	28
   29	G	28	30	0	29
   30	C	29	31	0	30
   31	A	30	32	0	31
   32	G	31	33	61	32
   33	A	32	34	0	33
   34	G	33	35	0	34
   35	A	34	36	0	35
   36	A	35	37	0	36
   37	U	36	38	0	37
   38	A	37	39	0	38
   39	A	38	40	0	39
   40	U	39	41	60	40
   41	A	40	42	55	41
   42	G	41	43	54	42
   43	U	42	44	53	43
   44	A	43	45	0	44
   45	A	44	46	0	45
   46	U	45	47	0	46
   47	C	46	48	0	47
   48	A	47	49	0	48
   49	G	48	50	0	49
   50	C	49	51	0	50
   51	G	50	52	0	51
   52	A	51	53	0	52
   53	C	52	54	43	53
   54	U	53	55	42	54
   55	A	54	56	41	55
   56	U	55	57	0	56
   57	A	56	58	0	57
   58	A	57	59	0	58
   59	U	58	60	0	59
   60	C	59	61	40	60
   61	U	60	62	32	61
   62	G	61	63	0	62
   63	G	62	64	0	63
   64	C	63	65	133	64
   65	U	64	66	132	65
   66	U	65	67	131	66
   67	A	66	68	130	67
   68	U	67	69	129	68
   69	C	68	70	0	69
   70	A	69	71	0	70
   71	C	70	72	82	71
   72	G	71	73	81	72
   73	G	72	74	80	73
   74	G	73	75	0	74
   75	U	74	76	123	75
   76	U	75	77	122	76
   77	G	76	78	121	77
   78	U	77	79	120	78
   79	G	78	80	0	79
   80	C	79	81	73	80
   81	C	80	82	72	81
   82	G	81	83	71	82
   83	A	82	84	0	83
   84	C	83	85	109	84
   85	C	84	86	108	85
   86	U	85	87	107	86
   87	A	86	88	106	87
   88	A	87	89	105	88
   89	C	88	90	104	89
   90	U	89	91	0	90
   91	U	90	92	0	91
   92	G	91	93	0	92
   93	C	92	94	0	93
   94	G	93	95	0	94
   95	G	94	96	0	95
   96	U	95	97	0	96
   97	G	96	98	0	97
   98	A	97	99	0	98
   99	C	98	100	0	99
  100	G	99	101	0	100
  101	U	100	102	0	101
  102	U	101	103	0	102
  103	A	102	104	0	103
  104	A	103	105	89	104
  105	G	104	106	88	105
  106	U	105	107	87	106
  107	U	106	108	86	107
  108	A	107	109	85	108
  109	G	108	110	84	109
  110	G	109	111	0	110
  111	A	110	112	0	111
  112	C	111	113	0	112
  113	A	112	114	0	113
  114	U	113	115	128	114
  115	C	114	116	127	115
  116	G	115	117	126	116
  117	C	116	118	125	117
  118	C	117	119	124	118
  119	G	118	120	0	119
  120	A	119	121	78	120
  121	C	120	122	77	121
  122	A	121	123	76	122
  123	U	122	124	75	123
  124	G	123	125	118	124
  125	G	124	126	117	125
  126	C	125	127	116	126
  127	G	126	128	115	127
  128	G	127	129	114	128
  129	G	128	130	68	129
  130	A	129	131	67	130
  131	U	130	132	66	131
  132	U	131	133	65	132
  133	A	132	134	64	133
  134	A	133	135	27	134
  135	G	134	136	0	135
  136	G	135	137	0	136
  137	U	136	138	0	137
  138	U	137	139	0	138
  139	C	138	140	163	139
  140	G	139	141	162	140
  141	A	140	142	161	141
  142	U	141	143	160	142
  143	G	142	144	159	143
  144	A	143	145	158	144
  145	G	144	146	157	145
  146	A	145	147	0	146
  147	U	146	148	0	147
  148	C	147	149	177	148
  149	G	148	150	176	149
  150	G	149	151	175	150
  151	A	150	152	174	151
  152	G	151	153	0	152
  153	C	152	154	0	153
  154	U	153	155	0	154
  155	G	154	156	0	155
  156	A	155	157	0	156
  157	C	156	158	145	157
  158	U	157	159	144	158
  159	C	158	160	143	159
  160	A	159	161	142	160
  161	U	160	162	141	161
  162	U	161	163	140	162
  163	G	162	164	139	163
  164	U	163	165	0	164
  165	U	164	166	0	165
  166	G	165	167	186	166
  167	U	166	168	185	167
  168	A	167	169	184	168
  169	G	168	170	183	169
  170	G	169	171	182	170
  171	U	170	172	0	171
  172	A	171	173	0	172
  173	U	172	174	0	173
  174	U	173	175	151	174
  175	C	174	176	150	175
  176	C	175	177	149	176
  177	A	176	178	148	177
  178	A	177	179	0	178
  179	A	178	180	0	179
  180	G	179	181	0	180
  181	U	180	182	0	181
  182	C	181	183	170	182
  183	C	182	184	169	183
  184	U	183	185	168	184
  185	A	184	186	167	185
  186	C	185	187	166	186
  187	C	186	188	26	187
  188	U	187	189	25	188
  189	C	188	190	24	189
  190	C	189	191	23	190
  191	C	190	192	0	191
  192	A	191	193	0	192
  193	C	192	194	0	193
  194	C	193	195	0	194
  195	U	194	196	0	195
