    1	A	0	2	0	1
    2	G	1	3	301	2
    3	C	2	4	300	3
    4	G	3	5	299	4
    5	A	4	6	0	5
    6	A	5	7	0	6
    7	A	6	8	0	7
    8	G	7	9	295	8
    9	G	8	10	294	9
   10	A	9	11	293	10
   11	A	10	12	0	11
   12	G	11	13	0	12
   13	C	12	14	256	13
   14	U	13	15	255	14
   15	C	14	16	254	15
   16	A	15	17	253	16
   17	C	16	18	252	17
   18	U	17	19	251	18
   19	G	18	20	250	19
   20	U	19	21	0	20
   21	A	20	22	61	21
   22	G	21	23	60	22
   23	A	22	24	59	23
   24	G	23	25	58	24
   25	G	24	26	57	25
   26	U	25	27	0	26
   27	C	26	28	0	27
   28	A	27	29	0	28
   29	C	28	30	0	29
   30	U	29	31	0	30
   31	U	30	32	0	31
   32	A	31	33	0	32
   33	C	32	34	0	33
   34	U	33	35	0	34
   35	G	34	36	49	35
   36	A	35	37	48	36
   37	G	36	38	47	37
   38	U	37	39	46	38
   39	G	38	40	45	39
   40	C	39	41	0	40
   41	U	40	42	0	41
   42	C	41	43	0	42
   43	G	42	44	0	43
   44	U	43	45	0	44
   45	C	44	46	39	45
   46	A	45	47	38	46
   47	C	46	48	37	47
   48	U	47	49	36	48
   49	C	48	50	35	49
   50	G	49	51	0	50
   51	C	50	52	0	51
   52	C	51	53	0	52
   53	A	52	54	0	53
   54	A	53	55	0	54
   55	C	54	56	0	55
   56	A	55	57	0	56
   57	C	56	58	25	57
   58	C	57	59	24	58
   59	U	58	60	23	59
   60	C	59	61	22	60
   61	G	60	62	21	61
   62	G	61	63	0	62
   63	G	62	64	0	63
   64	G	63	65	0	64
   65	A	64	66	0	65
   66	A	65	67	0	66
   67	G	66	68	0	67
   68	G	67	69	0	68
   69	U	68	70	0	69
   70	C	69	71	285	70
   71	U	70	72	284	71
   72	G	71	73	283	72
   73	A	72	74	282	73
   74	G	73	75	281	74
   75	A	74	76	0	75
   76	C	75	77	0	76
   77	A	76	78	0	77
   78	G	77	79	0	78
   79	G	78	80	0	79
   80	A	79	81	233	80
   81	G	80	82	232	81
   82	C	81	83	231	82
   83	U	82	84	230	83
   84	C	83	85	0	84
   85	C	84	86	0	85
   86	U	85	87	0	86
   87	C	86	88	0	87
   88	G	87	89	0	88
   89	C	88	90	0	89
   90	U	89	91	104	90
   91	G	90	92	103	91
   92	A	91	93	102	92
   93	C	92	94	101	93
   94	C	93	95	100	94
   95	U	94	96	0	95
   96	A	95	97	0	96
   97	G	96	98	0	97
   98	C	97	99	0	98
   99	A	98	100	0	99
  100	G	99	101	94	100
  101	G	100	102	93	101
  102	A	101	103	92	102
  103	C	102	104	91	103
  104	A	103	105	90	104
  105	U	104	106	0	105
  106	C	105	107	0	106
  107	A	106	108	119	107
  108	U	107	109	118	108
  109	C	108	110	117	109
  110	U	109	111	116	110
  111	G	110	112	0	111
  112	A	111	113	0	112
  113	A	112	114	0	113
  114	U	113	115	0	114
  115	G	114	116	0	115
  116	A	115	117	110	116
  117	U	116	118	109	117
  118	G	117	119	108	118
  119	A	118	120	107	119
  120	G	119	121	229	120
  121	C	120	122	228	121
  122	G	121	123	227	122
  123	A	122	124	226	123
  124	G	123	125	225	124
  125	U	124	126	224	125
  126	G	125	127	223	126
  127	C	126	128	0	127
  128	A	127	129	0	128
  129	C	128	130	0	129
  130	A	129	131	0	130
  131	G	130	132	0	131
  132	A	131	133	0	132
  133	A	132	134	0	133
  134	A	133	135	0	134
  135	A	134	136	0	135
  136	U	135	137	0	136
  137	C	136	138	0	137
  138	G	137	139	0	138
  139	G	138	140	0	139
  140	G	139	141	215	140
  141	U	140	142	214	141
  142	C	141	143	213	142
  143	A	142	144	0	143
  144	C	143	145	0	144
  145	G	144	146	0	145
  146	C	145	147	0	146
  147	G	146	148	0	147
  148	C	147	149	0	148
  149	G	148	150	0	149
  150	C	149	151	0	150
  151	G	150	152	0	151
  152	A	151	153	0	152
  153	C	152	154	0	153
  154	U	153	155	0	154
  155	C	154	156	0	155
  156	U	155	157	0	156
  157	C	156	158	0	157
  158	G	157	159	0	158
  159	C	158	160	0	159
  160	A	159	161	0	160
  161	G	160	162	0	161
  162	C	161	163	0	162
  163	A	162	164	0	163
  164	G	163	165	0	164
  165	A	164	166	0	165
  166	C	165	167	0	166
  167	G	166	168	0	167
  168	U	167	169	0	168
  169	U	168	170	0	169
  170	G	169	171	0	170
  171	A	170	172	0	171
  172	U	171	173	0	172
  173	G	172	174	0	173
  174	C	173	175	0	174
  175	U	174	176	0	175
  176	C	175	177	0	176
  177	G	176	178	0	177
  178	C	177	179	0	178
  179	A	178	180	0	179
  180	C	179	181	0	180
  181	A	180	182	0	181
  182	C	181	183	0	182
  183	A	182	184	0	183
  184	U	183	185	0	184
  185	U	184	186	0	185
  186	C	185	187	0	186
  187	A	186	188	0	187
  188	G	187	189	0	188
  189	C	188	190	0	189
  190	G	189	191	0	190
  191	G	190	192	0	191
  192	A	191	193	0	192
  193	U	192	194	0	193
  194	C	193	195	0	194
  195	A	194	196	0	195
  196	A	195	197	0	196
  197	C	196	198	0	197
  198	U	197	199	0	198
  199	G	198	200	0	199
  200	A	199	201	0	200
  201	A	200	202	0	201
  202	U	201	203	0	202
  203	G	202	204	0	203
  204	A	203	205	0	204
  205	C	204	206	0	205
  206	G	205	207	0	206
  207	C	206	208	0	207
  208	G	207	209	0	208
  209	C	208	210	0	209
  210	G	209	211	0	210
  211	C	210	212	0	211
  212	A	211	213	0	212
  213	G	212	214	142	213
  214	A	213	215	141	214
  215	C	214	216	140	215
  216	U	215	217	0	216
  217	U	216	218	0	217
  218	G	217	219	0	218
  219	G	218	220	0	219
  220	A	219	221	0	220
  221	A	220	222	0	221
  222	A	221	223	0	222
  223	C	222	224	126	223
  224	A	223	225	125	224
  225	C	224	226	124	225
  226	U	225	227	123	226
  227	C	226	228	122	227
  228	G	227	229	121	228
  229	C	228	230	120	229
  230	G	229	231	83	230
  231	G	230	232	82	231
  232	C	231	233	81	232
  233	U	232	234	80	233
  234	G	233	235	0	234
  235	G	234	236	0	235
  236	C	235	237	0	236
  237	G	236	238	0	237
  238	A	237	239	0	238
  239	A	238	240	0	239
  240	U	239	241	0	240
  241	G	240	242	0	241
  242	A	241	243	0	242
  243	G	242	244	0	243
  244	U	243	245	0	244
  245	G	244	246	0	245
  246	C	245	247	0	246
  247	G	246	248	0	247
  248	A	247	249	0	248
  249	U	248	250	0	249
  250	G	249	251	19	250
  251	U	250	252	18	251
  252	G	251	253	17	252
  253	U	252	254	16	253
  254	G	253	255	15	254
  255	A	254	256	14	255
  256	G	255	257	13	256
  257	C	256	258	273	257
  258	U	257	259	272	258
  259	A	258	260	271	259
  260	G	259	261	270	260
  261	C	260	262	269	261
  262	A	261	263	268	262
  263	U	262	264	267	263
  264	A	263	265	0	264
  265	A	264	266	0	265
  266	C	265	267	0	266
  267	A	266	268	263	267
  268	U	267	269	262	268
  269	G	268	270	261	269
  270	C	269	271	260	270
  271	U	270	272	259	271
  272	A	271	273	258	272
  273	G	272	274	257	273
  274	A	273	275	0	274
  275	A	274	276	0	275
  276	C	275	277	0	276
  277	C	276	278	0	277
  278	C	277	279	0	278
  279	A	278	280	0	279
  280	A	279	281	0	280
  281	U	280	282	74	281
  282	U	281	283	73	282
  283	C	282	284	72	283
  284	A	283	285	71	284
  285	G	284	286	70	285
  286	A	285	287	0	286
  287	C	286	288	0	287
  288	U	287	289	0	288
  289	A	288	290	0	289
  290	C	289	291	0	290
  291	U	290	292	0	291
  292	C	291	293	0	292
  293	U	292	294	10	293
  294	C	293	295	9	294
  295	C	294	296	8	295
  296	C	295	297	0	296
  297	U	296	298	0	297
  298	C	297	299	0	298
  299	C	298	300	4	299
  300	G	299	301	3	300
  301	C	300	302	2	301
  302	U	301	303	0	302
