    1	A	0	2	0	1
    2	C	1	3	0	2
    3	G	2	4	117	3
    4	G	3	5	116	4
    5	C	4	6	115	5
    6	G	5	7	114	6
    7	G	6	8	113	7
    8	C	7	9	112	8
    9	C	8	10	0	9
   10	A	9	11	0	10
   11	U	10	12	0	11
   12	A	11	13	0	12
   13	G	12	14	65	13
   14	C	13	15	64	14
   15	G	14	16	62	15
   16	G	15	17	61	16
   17	G	16	18	60	17
   18	G	17	19	59	18
   19	G	18	20	58	19
   20	G	19	21	57	20
   21	G	20	22	0	21
   22	U	21	23	0	22
   23	U	22	24	0	23
   24	A	23	25	0	24
   25	C	24	26	53	25
   26	A	25	27	52	26
   27	C	26	28	51	27
   28	C	27	29	48	28
   29	C	28	30	47	29
   30	G	29	31	46	30
   31	G	30	32	45	31
   32	U	31	33	0	32
   33	C	32	34	0	33
   34	U	33	35	0	34
   35	C	34	36	0	35
   36	A	35	37	0	36
   37	U	36	38	0	37
   38	U	37	39	0	38
   39	U	38	40	0	39
   40	C	39	41	0	40
   41	G	40	42	0	41
   42	A	41	43	0	42
   43	A	42	44	0	43
   44	C	43	45	0	44
   45	C	44	46	31	45
   46	C	45	47	30	46
   47	G	46	48	29	47
   48	G	47	49	28	48
   49	A	48	50	0	49
   50	A	49	51	0	50
   51	G	50	52	27	51
   52	U	51	53	26	52
   53	U	52	54	25	53
   54	A	53	55	0	54
   55	A	54	56	0	55
   56	G	55	57	0	56
   57	C	56	58	20	57
   58	C	57	59	19	58
   59	C	58	60	18	59
   60	C	59	61	17	60
   61	C	60	62	16	61
   62	C	61	63	15	62
   63	A	62	64	0	63
   64	G	63	65	14	64
   65	C	64	66	13	65
   66	G	65	67	0	66
   67	A	66	68	110	67
   68	U	67	69	109	68
   69	C	68	70	108	69
   70	C	69	71	107	70
   71	C	70	72	106	71
   72	G	71	73	105	72
   73	G	72	74	104	73
   74	U	73	75	0	74
   75	U	74	76	0	75
   76	G	75	77	0	76
   77	U	76	78	101	77
   78	A	77	79	100	78
   79	C	78	80	99	79
   80	U	79	81	98	80
   81	G	80	82	97	81
   82	C	81	83	96	82
   83	C	82	84	95	83
   84	C	83	85	94	84
   85	U	84	86	0	85
   86	C	85	87	93	86
   87	C	86	88	92	87
   88	G	87	89	0	88
   89	A	88	90	0	89
   90	G	89	91	0	90
   91	A	90	92	0	91
   92	G	91	93	87	92
   93	G	92	94	86	93
   94	G	93	95	84	94
   95	G	94	96	83	95
   96	G	95	97	82	96
   97	C	96	98	81	97
   98	G	97	99	80	98
   99	G	98	100	79	99
  100	G	99	101	78	100
  101	A	100	102	77	101
  102	A	101	103	0	102
  103	G	102	104	0	103
  104	C	103	105	73	104
  105	C	104	106	72	105
  106	G	105	107	71	106
  107	G	106	108	70	107
  108	G	107	109	69	108
  109	G	108	110	68	109
  110	A	109	111	67	110
  111	C	110	112	0	111
  112	G	111	113	8	112
  113	C	112	114	7	113
  114	C	113	115	6	114
  115	G	114	116	5	115
  116	C	115	117	4	116
  117	C	116	118	3	117
  118	G	117	119	0	118
  119	G	118	120	0	119
  120	C	119	121	0	120
  121	C	120	122	0	121
  122	A	121	123	0	122
